image: map_gz_ionic.pgm
resolution: 0.050000
origin: [-5.964853, -4.094109, 0.0]
negate: 0
occupied_thresh: 0.65
free_thresh: 0.196
